1 1 0
1 2 0
1 3 0
1 4 0
1 5 0
1 6 0
1 7 0
1 8 0
1 9 0
1 10 0
1 11 0
1 12 0
1 13 0
1 14 0
1 15 0
1 16 0
1 17 0
1 18 0
1 19 0
1 20 0
1 21 0
1 22 0
1 23 0
1 24 0
1 25 0
1 26 0
1 27 0
1 28 0
1 29 0
1 30 0
1 31 0
 
2 1 0
2 2 1.34963055645467
2 3 2.658962615552571
2 4 3.88975689281679
2 5 5.009267711053772
2 6 5.993972535015963
2 7 6.832289414480248
2 8 7.52456886366327
2 9 8.08052670861893
2 10 8.515518418288
2 11 8.846993311988316
2 12 9.091826150901525
2 13 9.264643524815227
2 14 9.376951301534632
2 15 9.436782778011828
2 16 9.448621383917736
2 17 9.41342926139933
2 18 9.328695775032129
2 19 9.188497597074415
2 20 8.983636898720086
2 21 8.701999294478709
2 22 8.329340243629876
2 23 7.850734972796467
2 24 7.252845567801175
2 25 6.526880939611721
2 26 5.671616771343133
2 27 4.69529470916834
2 28 3.61520581587395
2 29 2.45492009972352
2 30 1.240872971088234
2 31 0
 
3 1 0
3 2 2.740615550678557
3 3 5.398237096559471
3 4 7.893222724976108
3 5 10.15634825766309
3 6 12.13785120676199
3 7 13.81457768174298
3 8 15.18979839354848
3 9 16.2866731462652
3 10 17.13946086957021
3 11 17.7857305443824
3 12 18.26090709137376
3 13 18.59511800470397
3 14 18.81172871344603
3 15 18.92688509882128
3 16 18.94952760786424
3 17 18.88153435603245
3 18 18.71782646652199
3 19 18.44642164048881
3 20 18.0485687870656
3 21 17.49925506995199
3 22 16.76854349138641
3 23 15.82431896061878
3 24 14.63694675657415
3 25 13.18582558428888
3 26 11.46660884044307
3 27 9.49619908211848
3 28 7.311954491085402
3 29 4.964438096073887
3 30 2.508899205462249
3 31 0
 
4 1 0
4 2 4.216295795227148
4 3 8.302937557137419
4 4 12.13232193925124
4 5 15.58969840834158
4 6 18.59191930426834
4 7 21.10444700970255
4 8 23.14001252243997
4 9 24.74401360262559
4 10 25.97740501820076
4 11 26.90333232398675
4 12 27.5789265406735
4 13 28.05128328701823
4 14 28.35608778830796
4 15 28.51758741519724
4 16 28.54903985481922
4 17 28.45313747966379
4 18 28.22218346603703
4 19 27.83800591301872
4 20 27.27179738868934
4 21 26.484312729829
4 22 25.42717958187393
4 23 24.04643642309063
4 24 22.2896000413575
4 25 20.11703826865594
4 26 17.51628847569703
4 27 14.51371042293864
4 28 11.17398767463613
4 29 7.583209365720333
4 30 3.830733672792708
4 31 0
 
5 1 0
5 2 5.823797652745805
5 3 11.46840581502166
5 4 16.74814383329037
5 5 21.48398231694306
5 6 25.54238709526033
5 7 28.8787862559397
5 8 31.52997989207334
5 9 33.58071867722611
5 10 35.13202328044711
5 11 36.28082424599171
5 12 37.10998241652136
5 13 37.68493948166694
5 14 38.05373118270718
5 15 38.24826187715776
5 16 38.2856862399905
5 17 38.16933933217365
5 18 37.88899718192081
5 19 37.42046390122865
5 20 36.72468312159774
5 21 35.74687176068294
5 22 34.41668835781567
5 23 32.65126056535298
5 24 30.36388531676463
5 25 27.48158052927309
5 26 23.97211296717856
5 27 19.87179784550514
5 28 15.28956823760362
5 29 10.36519322803104
5 30 5.231357046295217
5 31 0
 
6 1 0
6 2 7.612919141100042
6 3 15.00263919280032
6 4 21.91305793022541
6 5 28.06202601683056
6 6 33.22217053285156
6 7 37.34648937361628
6 8 40.52928238149956
6 9 42.92633921587112
6 10 44.69910998327108
6 11 45.98829239283497
6 12 46.90582908045736
6 13 47.53549742947131
6 14 47.93641245339657
6 15 48.14675768779286
6 16 48.18665920967165
6 17 48.05983923918188
6 18 47.75396510171362
6 19 47.23971144824003
6 20 46.46864538084385
6 21 45.37028363485641
6 22 43.84929361230747
6 23 41.78519602632649
6 24 39.03951779032416
6 25 35.47889683883249
6 26 31.02352332877308
6 27 25.715590363428
6 28 19.75006056412749
6 29 13.35832064482577
6 30 6.730077264589617
6 31 0
 
7 1 0
7 2 9.627729716839509
7 3 19.02011725755118
7 4 27.84462239744001
7 5 35.63516790882615
7 6 41.94498171915858
7 7 46.76372204771826
7 8 50.32301038990258
7 9 52.90550846889379
7 10 54.75951019159777
7 11 56.07748428728018
7 12 56.99986694988456
7 13 57.62527062108677
7 14 58.02016166933597
7 15 58.22613248989055
7 16 58.26463136721367
7 17 58.13942380432227
7 18 57.83701193192387
7 19 57.32506212839438
7 20 56.54871457662642
7 21 55.42459184949978
7 22 53.83267443047733
7 23 51.60772896100086
7 24 48.53641041637408
7 25 44.37653266289475
7 26 38.93224617730856
7 27 32.22083264673626
7 28 24.63960811272031
7 29 16.58969268532061
7 30 8.33121968495859
7 31 0
 
8 1 0
8 2 11.88025991527799
8 3 23.60917628810865
8 4 34.81492556572093
8 5 44.69470297616255
8 6 52.16529057254209
8 7 57.44750085257473
8 8 61.10120408588828
8 9 63.62134017924662
8 10 65.36450203404488
8 11 66.57113575862763
8 12 67.39996260580293
8 13 67.95475379455874
8 14 68.30205728871792
8 15 68.48214764400907
8 16 68.51533793891987
8 17 68.40502218798557
8 18 68.13811506698575
8 19 67.6829712321947
8 20 66.98430225841886
8 21 65.95396874506265
8 22 64.45584442801379
8 23 62.2828482838987
8 24 59.12749977684706
8 25 54.56361175617793
8 26 48.11248517587123
8 27 39.59954204157248
8 28 30.0006120772984
8 29 20.03134087195964
8 30 10.00568817020671
8 31 0
 
9 1 0
9 2 14.28629003979017
9 3 28.72465430772479
9 4 43.11522342507914
9 5 56.16799018186076
9 6 64.57904495933531
9 7 69.76533041329277
9 8 73.01893628691379
9 9 75.12048481110907
9 10 76.51266084436509
9 11 77.44946281771746
9 12 78.08112136563761
9 13 78.49884029551454
9 14 78.75830092008572
9 15 78.8921504136627
9 16 78.91652730946484
9 17 78.8340181400393
9 18 78.63403523189652
9 19 78.29070980659809
9 20 77.75753895946298
9 21 76.95676480728632
9 22 75.75913175824502
9 23 73.94516798987132
9 24 71.13157936753615
9 25 66.64199728665002
9 26 59.35823859868268
9 27 48.06751408911443
9 28 35.73455577026469
9 29 23.53103217458456
9 30 11.66075903364727
9 31 0
 
10 1 0
10 2 16.54217721696021
10 3 33.89068375248743
10 4 52.75640061768642
10 5 72.2860385973504
10 6 80.22082585125668
10 7 84.01935694612138
10 8 86.09249519839254
10 9 87.33299280220996
10 10 88.12036678167664
10 11 88.63724571767175
10 12 88.98062752727128
10 13 89.20564441593163
10 14 89.34462361593728
10 15 89.4160609182086
10 16 89.42896564541434
10 17 89.3847414946859
10 18 89.27740830072101
10 19 89.09223048547298
10 20 88.80211607505908
10 21 88.3599375199865
10 22 87.68203722299722
10 23 86.61017256556156
10 24 84.81451169138185
10 25 81.51728557594724
10 26 74.61367808810763
10 27 57.5805633946191
10 28 41.34152292534059
10 29 26.69911090593347
10 30 13.1068893776809
10 31 0
 
11 1 0
11 2 17.99358925159515
11 3 37.54196270248718
11 4 61.73584743302605
11 5 100
11 6 100
11 7 100
11 8 100
11 9 100
11 10 100
11 11 100
11 12 100
11 13 100
11 14 100
11 15 100
11 16 100
11 17 100
11 18 100
11 19 100
11 20 100
11 21 100
11 22 100
11 23 100
11 24 100
11 25 100
11 26 100
11 27 66.30217032976189
11 28 45.35437959198761
11 29 28.81872713312382
11 30 14.06830889604265
11 31 0
 
12 1 0
12 2 17.89232574961926
12 3 36.55049536279842
12 4 56.64702170890914
12 5 77.29584941566192
12 6 86.21523925893398
12 7 90.85204839875354
12 8 93.61744735464522
12 9 95.41389213381231
12 10 96.63625239988815
12 11 97.48460588775174
12 12 98.07282574128403
12 13 98.47067120761105
12 14 98.7219756293668
12 15 98.85326807546214
12 16 98.87804100574652
12 17 98.79865968748162
12 18 98.6066324597312
12 19 98.28129926084432
12 20 97.78636884899535
12 21 97.06259765086266
12 22 96.01208198557174
12 23 94.46165389930158
12 24 92.06814661824212
12 25 88.04501430673812
12 26 80.28626676437936
12 27 62.27719150910414
12 28 44.95808513772617
12 29 29.15509636849485
12 30 14.3483358395901
12 31 0
 
13 1 0
13 2 17.02800530686953
13 3 34.12482823030839
13 4 51.01083816754032
13 5 66.32685985394782
13 6 76.71955433588599
13 7 83.58272088016835
13 8 88.21170072874241
13 9 91.41026456167417
13 10 93.65535180892608
13 11 95.23852895639256
13 12 96.3454519915017
13 13 97.09745305861041
13 14 97.57357975999525
13 15 97.82262587335327
13 16 97.86967089942233
13 17 97.71917977625358
13 18 97.35548600164128
13 19 96.74073831655761
13 20 95.80968238270037
13 21 94.45954718501443
13 22 92.53114041763337
13 23 89.77287725888397
13 24 85.77183527644257
13 25 79.83105932110176
13 26 70.82804297770539
13 27 57.56688941713034
13 28 43.04934337458474
13 29 28.49758124842742
13 30 14.17077082427403
13 31 0
 
14 1 0
14 2 16.09840908491817
14 3 31.91552748927669
14 4 46.95182947127464
14 5 60.28980920541446
14 6 70.76328116027443
14 7 78.55858969378957
14 8 84.24835536225945
14 9 88.37292045479256
14 10 91.34983419427243
14 11 93.48268961317869
14 12 94.98734064992226
14 13 96.01465606801733
14 14 96.66687115093291
14 15 97.00851001745082
14 16 97.0731456753112
14 17 96.86686676969033
14 18 96.36889340446203
14 19 95.52941057109854
14 20 94.2643246435444
14 21 92.44625332425272
14 22 89.8907003600789
14 23 86.33662564592748
14 24 81.42406726377104
14 25 74.68720359880683
14 26 65.63485349237136
14 27 54.11872475372611
14 28 41.17914494455937
14 29 27.61780067855777
14 30 13.83810040674998
14 31 0
 
15 1 0
15 2 15.45423337940943
15 3 30.49361269361612
15 4 44.59982652453701
15 5 57.12779306601382
15 6 67.49731181299263
15 7 75.6535463230359
15 8 81.86495955077311
15 9 86.4989838518803
15 10 89.90494356949175
15 11 92.3722435076629
15 12 94.1241847407228
15 13 95.3248251116521
15 14 96.08867057636472
15 15 96.48922202821885
15 16 96.56508689760005
15 17 96.32337053403265
15 18 95.74035615198247
15 19 94.75951948681558
15 20 93.2869496302558
15 21 91.18449104849273
15 22 88.26178670378675
15 23 84.27073218297855
15 24 78.9112746134513
15 25 71.86822808273983
15 26 62.91346740790816
15 27 52.10050906172991
15 28 39.93549600064986
15 29 26.95929772682042
15 30 13.56482442857965
15 31 0
 
16 1 0
16 2 15.22933338780894
16 3 30.01190720679782
16 4 43.83542505372696
16 5 56.13559808394032
16 6 66.45775952173827
16 7 74.7079801146689
16 8 81.0749085995685
16 9 85.87015186657769
16 10 89.41662506656222
16 11 91.99573238084736
16 12 93.83136531726493
16 13 95.0910841643141
16 14 95.89312458168413
16 15 96.31385972518733
16 16 96.39354839989211
16 17 96.13964226713546
16 18 95.52748370063549
16 19 94.49843007429439
16 20 92.95562370636462
16 21 90.75810560409431
16 22 87.71521628226456
16 23 83.58599860735654
16 24 78.09349908289801
16 25 70.97097020274379
16 26 62.05874396694009
16 27 51.4411310664109
16 28 39.50798063683324
16 29 26.72206505040149
16 30 13.46289868364026
16 31 0
 
17 1 0
17 2 15.45556488239511
17 3 30.49618924578389
17 4 44.60355019442348
17 5 57.13255447660448
17 6 67.50299091399621
17 7 75.66002281800033
17 8 81.8721179553762
17 9 86.50671407155076
17 10 89.91313996006899
17 11 92.38080392840315
17 12 94.13301002210932
17 13 95.33381892419976
17 14 96.0977395805389
17 15 96.49827619221213
17 16 96.57403989800326
17 17 96.33214017590034
17 18 95.74886475359594
17 19 94.76769417070238
17 20 93.29472244662759
17 21 91.19179883239514
17 22 88.26857054249336
17 23 84.27693637903219
17 24 78.9168451634397
17 25 71.87311114783718
17 26 62.91760926932143
17 27 52.10386026301546
17 28 39.9380204561703
17 29 26.96097504278815
17 30 13.5656528281144
17 31 0
 
18 1 0
18 2 16.1007373013694
18 3 31.92001061073629
18 4 46.95826459211355
18 5 60.29798397705243
18 6 70.77299031817653
18 7 78.56963657159727
18 8 84.26055123753329
18 9 88.38608321880271
18 10 91.36378708983675
18 11 93.49726042868248
18 12 95.00236143976633
18 13 96.02996330991736
18 14 96.68230620970144
18 15 97.02391979687749
18 16 97.08838336355765
18 17 96.88179260174027
18 18 96.38337537248842
18 19 95.54332500997138
18 20 94.27755660594526
18 21 92.45869664204744
18 22 89.90225727467956
18 23 86.34720589759036
18 24 81.43358657963404
18 25 74.69558159802759
18 26 65.64201095911397
18 27 54.12457963019162
18 28 41.18360709941487
18 29 27.62079409684596
18 30 13.83958789657471
18 31 0
 
19 1 0
19 2 17.03075670517826
19 3 34.13004941634642
19 4 51.01816712303589
19 5 66.33595225154613
19 6 76.73023271790198
19 7 83.5948118656828
19 8 88.22502174416044
19 9 91.42462880298943
19 10 93.67057228815126
19 11 95.25442066664239
19 12 96.36183314229945
19 13 97.11414599883805
19 14 97.5904118472227
19 15 97.8394303647454
19 16 97.88628786343774
19 17 97.73545699671982
19 18 97.37127983720673
19 19 96.75591447943896
19 20 95.82411661487266
19 21 94.47312585543457
19 22 92.54376117975882
19 23 89.78445015929077
19 24 85.78228513750636
19 25 79.84033047181302
19 26 70.83610452836433
19 27 57.57371649222554
19 28 43.05472015173854
19 29 28.50127554052605
19 30 14.17263247301207
19 31 0
 
20 1 0
20 2 17.89488881769882
20 3 36.55516107843406
20 4 56.65307038466346
20 5 77.30251488465939
20 6 86.22283331744971
20 7 90.86057191038411
20 8 93.6268107014093
20 9 95.42397783257559
20 10 96.64693458292521
20 11 97.49575702576425
20 12 98.08431932677459
20 13 98.48238310384717
20 14 98.73378497555836
20 15 98.86505804748266
20 16 98.88969952789525
20 17 98.81008011920055
20 18 98.6177142593931
20 19 98.29194863320578
20 20 97.79649941881803
20 21 97.07213130946324
20 22 96.02095033793819
20 23 94.46980151334243
20 24 92.07553954335582
20 25 88.05166451667263
20 26 80.29230798827163
20 27 62.28313427784415
20 28 44.96324269125738
20 29 29.15883849707671
20 30 14.35027412525193
20 31 0
 
21 1 0
21 2 17.99561568007013
21 3 37.54530715044637
21 4 61.73904516842867
21 5 100
21 6 100
21 7 100
21 8 100
21 9 100
21 10 100
21 11 100
21 12 100
21 13 100
21 14 100
21 15 100
21 16 100
21 17 100
21 18 100
21 19 100
21 20 100
21 21 100
21 22 100
21 23 100
21 24 100
21 25 100
21 26 100
21 27 66.30586104415687
21 28 45.35864084515748
21 29 28.82213249003465
21 30 14.07014381731892
21 31 0
 
22 1 0
22 2 16.54384988594373
22 3 33.893358206267
22 4 52.75893246234722
22 5 72.28721052316031
22 6 80.22152414477932
22 7 84.01986384179743
22 8 86.09291353312634
22 9 87.33336623744785
22 10 88.1207172922623
22 11 88.63758653617212
22 12 88.98096806092383
22 13 89.20599226141701
22 14 89.34498542335717
22 15 89.41644276711905
22 16 89.42937321517793
22 17 89.38518017278453
22 18 89.27788333031522
22 19 89.09274726563052
22 20 88.80268079960962
22 21 88.36055853242411
22 22 87.68272795781867
22 23 86.61095830113544
22 24 84.81544638478903
22 25 81.5184981800551
22 26 74.61551376931567
22 27 57.58405757224899
22 28 41.34544708696347
22 29 26.70231672182303
22 30 13.10864402312058
22 31 0
 
23 1 0
23 2 14.28802142177442
23 3 28.72757976299361
23 4 43.11854745742518
23 5 56.17105662045722
23 6 64.58197697024636
23 7 69.76826020523534
23 8 73.02193324862668
23 9 75.12357600342301
23 10 76.51585075078876
23 11 77.45274464087227
23 12 78.08448286539891
23 13 78.50226675676828
23 14 78.76177668125601
23 15 78.89565968561547
23 16 78.92005466519184
23 17 78.83754889783388
23 18 78.63755590048393
23 19 78.29420877636511
23 20 77.76100771373794
23 21 76.96020013401294
23 22 75.76253986144486
23 23 73.94857218397439
23 24 71.13503418824119
23 25 66.64561169344236
23 26 59.36219742793956
23 27 48.07199226407346
23 28 35.73889170868397
23 29 23.53441236539221
23 30 11.66258076226033
23 31 0
 
24 1 0
24 2 11.88242468113325
24 3 23.61307644945892
24 4 34.81997720451794
24 5 44.70042231927111
24 6 52.17152050317773
24 7 57.45419409057581
24 8 61.10832864331393
24 9 63.62885550923363
24 10 65.37235765062466
24 11 66.57927455969993
24 12 67.40832408269615
24 13 67.96327631154725
24 14 68.31067958400649
24 15 68.49080983098887
24 16 68.5239822362922
24 17 68.4135935517175
24 18 68.14656187112311
24 19 67.69124615283187
24 20 66.99236355347026
24 21 65.96178218033705
24 22 64.46338611938349
24 23 62.29010847335992
24 24 59.13448623611583
24 25 54.57034669869192
24 26 48.11897534384541
24 27 39.60567149476273
24 28 30.00591418728921
24 29 20.03523855241375
24 30 10.00773206100637
24 31 0
 
25 1 0
25 2 9.630530441775036
25 3 19.0253484400865
25 4 27.85180572941663
25 5 35.64386936215966
25 6 41.95491746015922
25 7 46.77470495179027
25 8 50.33489580125668
25 9 52.91816635027456
25 10 54.77281444621767
25 11 56.09130985405217
25 12 57.0140897728991
25 13 57.63976846218624
25 14 58.03481504850083
25 15 58.24082555563727
25 16 58.27925268032045
25 17 58.1538670734908
25 18 57.8511767522582
25 19 57.33885476834789
25 20 56.56204883092961
25 21 55.43738988544065
25 22 53.84486729850182
25 23 51.61925577784933
25 24 48.54721368490297
25 25 44.38654412587304
25 26 38.9413534615739
25 27 32.22881930398349
25 28 24.64610017176983
25 29 16.59427094567424
25 30 8.333566345411597
25 31 0
 
26 1 0
26 2 7.61633583331719
26 3 15.00912944406134
26 4 21.92219380872822
26 5 28.07338734098517
26 6 33.23540788522802
26 7 37.3613205686103
26 8 40.54546914631864
26 9 42.94366787392083
26 10 44.71738015416697
26 11 46.00731154487604
26 12 46.92541038809627
26 13 47.55545927417035
26 14 47.95657867469286
26 15 48.16695814815763
26 16 48.20673046899392
26 17 48.07962523907224
26 18 47.77331779386492
26 19 47.25849128795554
26 20 46.48672154299273
26 21 45.38753366503349
26 22 43.86560193990074
26 23 41.80045025355361
26 24 39.05360090241557
26 25 35.49167280713632
26 26 31.03481466016838
26 27 25.7251535703829
26 28 19.75758560925028
26 29 13.36349860166517
26 30 6.732692344771377
26 31 0
 
27 1 0
27 2 5.827585800553742
27 3 11.47565868190449
27 4 16.75846826125142
27 5 21.49697369139681
27 6 25.55767194154375
27 7 28.89603336755538
27 8 31.54889400305565
27 9 33.60103016328809
27 10 35.15347976953649
27 11 36.30318528363489
27 12 37.13301661120013
27 13 37.70842328211402
27 14 38.07744861637184
27 15 38.27200480530721
27 16 38.30925484908227
27 17 38.19254267402999
27 18 37.91165360999568
27 19 37.44240123660686
27 20 36.74573832089297
27 21 35.76688974224288
27 22 34.43551947031393
27 23 32.66875599049632
27 24 30.37988965012622
27 25 27.49592135451801
27 26 23.9845894315047
27 27 19.88217530808858
27 28 15.29759289183339
27 29 10.37063850205787
27 30 5.234082991845266
27 31 0
 
28 1 0
28 2 4.220018723328516
28 3 8.310093214309619
28 4 12.14256389107469
28 5 15.60266141078874
28 6 18.60724900568538
28 7 21.12181357385771
28 8 23.15911203089779
28 9 24.764563973949
28 10 25.9991409791414
28 11 26.92600139031655
28 12 27.6022864342354
28 13 28.07510058264395
28 14 28.38013742824285
28 15 28.5416527573791
28 16 28.57291299105603
28 17 28.47661961456532
28 18 28.24508517117831
28 19 27.86014706145166
28 20 27.29300653635495
28 21 26.50442565393818
28 22 25.44603664326942
28 23 24.06387846832341
28 24 22.30546286826297
28 25 20.13114653580337
28 26 17.52845166408811
28 27 14.52372592422182
28 28 11.18165747621321
28 29 7.588372613981772
28 30 3.833305155366808
28 31 0
 
29 1 0
29 2 2.743704368155065
29 3 5.404185701558654
29 4 7.901760972185924
29 5 10.16718802234492
29 6 12.15070593809625
29 7 13.82917365024133
29 8 15.20587835487405
29 9 16.30399553447276
29 10 17.15779732887374
29 11 17.80486344658559
29 12 18.28062770553205
29 13 18.61522542372726
29 14 18.83202940220478
29 15 18.94719286306879
29 16 18.96966378883745
29 17 18.90132807607274
29 18 18.73711476236317
29 19 18.46504931648847
29 20 18.06638780517833
29 21 17.51612328328398
29 22 16.78432256000608
29 23 15.8388714296388
29 24 14.65013263268793
29 25 13.19749943235392
29 26 11.47661943612443
29 27 9.504394600544677
29 28 7.318195946839093
29 29 4.968620725084219
29 30 2.510976116332508
29 31 0
 
30 1 0
30 2 1.351464852946063
30 3 2.662498678242227
30 4 3.894839523979984
30 5 5.015730546580222
30 6 6.001648132257237
30 7 6.841015678437128
30 8 7.5341917726781
30 9 8.090900555357216
30 10 8.526504899836311
30 11 8.858460384185808
30 12 9.103647098718158
30 13 9.276696384076594
30 14 9.389118604209973
30 15 9.448951530607765
30 16 9.460683175155641
30 17 9.425280398560403
30 18 9.340237351855379
30 19 9.199635394815092
30 20 8.99428101897244
30 21 8.712063429093748
30 22 8.338740526294542
30 23 7.859388465416265
30 24 7.260668658691131
30 25 6.533788296903625
30 26 5.677521942196758
30 27 4.700113724058932
30 28 3.61886474869346
30 29 2.45736601466417
30 30 1.24208553274917
30 31 0
 
31 1 0
31 2 0
31 3 0
31 4 0
31 5 0
31 6 0
31 7 0
31 8 0
31 9 0
31 10 0
31 11 0
31 12 0
31 13 0
31 14 0
31 15 0
31 16 0
31 17 0
31 18 0
31 19 0
31 20 0
31 21 0
31 22 0
31 23 0
31 24 0
31 25 0
31 26 0
31 27 0
31 28 0
31 29 0
31 30 0
31 31 0
 
